骋OЫCL杆胜困G厨   (0613CKSP-2-キH)                                       
                                                                                     
i计       始          缺i计                                               
---------- ------------- -------------                                               
         1         48781         48781                                               
         2        143414        286828                                               
         3          7648         22944                                               
         4           125           500                                               
         5            14            70                                               
         6             5            30                                               
         7             5            35                                               
         8             1             8                                               
        12             1            12                                               
        15             1            15                                               
        17             2            34                                               
        23             1            23                                               
        26             1            26                                               
        47             1            47                                               
========== ============= =============                                               
                                                                                     
pH矢双始     199843       pH诗H始     199843       pH师CLi计     358553
いH矢双始        154       いH诗H始        154       いH师CLi计        704
jH矢双始          3	      jH诗H始          3       jH师CLi计         96
                                                                                     
`p杆始       200000	      `pH始       200000	    `pCLi计       359353
